1.162715663203791e+04
1.264349657764024e+04
1.363786944477178e+04
1.210451050873633e+04
1.463767838529095e+04
1.422723385614929e+04
8.430763636539803e+03
1.348417160177640e+04
1.065324420330255e+04
1.066215627340750e+04
1.545372827432703e+04
1.631180680420040e+04
1.081309315944807e+04
1.339714364758202e+04
1.358097792831379e+04
1.138875018295780e+04
1.274148480021351e+04
1.080562757654631e+04
1.421833035555849e+04
1.122993883132027e+04
1.168683540559347e+04
1.385406693858873e+04
1.202104646555514e+04
1.128733769959798e+04
1.213131557048461e+04
1.350861474227756e+04
1.094296529720696e+04
1.345058901889506e+04
1.326277007707818e+04
1.490201509169494e+04
1.151220679513488e+04
1.177536349913503e+04
1.042453883521184e+04
1.285519843981957e+04
1.448918401024001e+04
1.155138944825800e+04
1.038241712162899e+04
1.272804539324661e+04
1.220131229975258e+04
1.108680501761940e+04
1.268069303324765e+04
1.121114620413196e+04
9.980979955207407e+03
1.167967969608572e+04
1.152072802823857e+04
1.175654724472019e+04
1.505714461652031e+04
1.098768530631960e+04
1.165333343194185e+04
1.379036321046029e+04
1.030321055484028e+04
1.325147619470695e+04
1.167969706846817e+04
1.275978537400243e+04
1.163259997884495e+04
1.244472508718110e+04
1.185404569033404e+04
1.536897932103730e+04
1.171655601248152e+04
1.275307603229842e+04
1.154131721981686e+04
1.129850478217203e+04
1.352746376655846e+04
1.096529969371243e+04
1.275643824409260e+04
1.285406698437692e+04
1.110313931142335e+04
1.342619420397551e+04
1.299380123548505e+04
1.167390997073353e+04
1.106833354870102e+04
1.320156470781641e+04
1.149147618155927e+04
1.131891421337300e+04
8.693661079275053e+03
1.255052822465198e+04
1.157375406321264e+04
1.138777643224550e+04
9.486439592161341e+03
1.204133129508970e+04
1.262220095208673e+04
1.135574253076631e+04
1.112643287736353e+04
1.126891901188498e+04
1.169165404126582e+04
1.280502694159960e+04
9.498573827155733e+03
9.616095968709191e+03
1.172727900332448e+04
1.220712496131360e+04
1.063157453113618e+04
1.428028200941743e+04
1.222426265306026e+04
1.285242549000360e+04
1.119278600544695e+04
1.011230614049023e+04
1.039332542302725e+04
1.224897627913894e+04
1.371796237153968e+04
1.161627161786829e+04
