1.168988657261422e+04
1.271170178327213e+04
1.380705508772448e+04
1.217322545948544e+04
1.472765358477564e+04
1.439592538647685e+04
8.577596777336908e+03
1.363910882470372e+04
1.067782451760049e+04
1.072231006932386e+04
1.559312355341723e+04
1.644958651828207e+04
1.098128124885224e+04
1.355579253256326e+04
1.359656269231431e+04
1.163496874546873e+04
1.298855448082409e+04
1.090314519097559e+04
1.428066213998562e+04
1.127362791089595e+04
1.191853262270025e+04
1.385667032537705e+04
1.222277923045742e+04
1.138265134066658e+04
1.223669318449828e+04
1.361923480607028e+04
1.114832053494417e+04
1.358647133714821e+04
1.329841906658497e+04
1.495541749118098e+04
1.166271072565516e+04
1.193685540165591e+04
1.055186267812873e+04
1.300771083986942e+04
1.459288251025648e+04
1.173654995914588e+04
1.059278694680031e+04
1.285363396172363e+04
1.241818701125331e+04
1.112773262353800e+04
1.286374380593656e+04
1.139385807057990e+04
1.010910685091862e+04
1.184285010156081e+04
1.156589159359232e+04
1.191248030672538e+04
1.514600623712097e+04
1.121820638314537e+04
1.178509135377596e+04
1.396288303490861e+04
1.045443260200104e+04
1.340057872058072e+04
1.177828019561334e+04
1.277889542493666e+04
1.173461570514078e+04
1.254990083753727e+04
1.194214356351231e+04
1.540390795498888e+04
1.195656954619250e+04
1.290854362863473e+04
1.158955722359675e+04
1.139791698867335e+04
1.369915735911214e+04
1.098039753298809e+04
1.291217121366844e+04
1.292597001264623e+04
1.118713896036451e+04
1.356004937692728e+04
1.303283728649126e+04
1.168850176105058e+04
1.113580976535472e+04
1.339498047755089e+04
1.156226602218097e+04
1.137100118245929e+04
8.744535961843345e+03
1.271622870043497e+04
1.169841174078386e+04
1.153942871900452e+04
9.560050733860267e+03
1.214592164698690e+04
1.271530988043387e+04
1.152927093752860e+04
1.131321066547708e+04
1.144518838231296e+04
1.180194725095114e+04
1.281986491763100e+04
9.590747013664570e+03
9.732214925755336e+03
1.182179249263296e+04
1.225097219607926e+04
1.066508800621633e+04
1.452246036176371e+04
1.224342583906521e+04
1.296591542567651e+04
1.126632108857639e+04
1.017455682947987e+04
1.052785459072788e+04
1.232164909076425e+04
1.388342361695061e+04
1.175770141584945e+04
